device,gpu,graphics_api,os,ram_mb,quality,render_scale,fps_cap,target,drawn_avg,frames,avg_fps,avg_ms,p50_ms,p99_ms,max_ms,gc_avg_b,gc_max_b,mem_mb,temp_start_c,temp_end_c
OnePlus ONEPLUS A5010,Adreno (TM) 540,Vulkan,Android OS 10 / API-29 (QKQ1.191014.012/2010292059),5711,MEDIUM,0.85,60,20,44,1836,61.2,16.35,16.35,16.54,16.87,381,4414,168,35.9,35.8
OnePlus ONEPLUS A5010,Adreno (TM) 540,Vulkan,Android OS 10 / API-29 (QKQ1.191014.012/2010292059),5711,MEDIUM,0.85,60,50,77,1835,61.1,16.36,16.35,16.38,32.70,381,3770,168,35.8,35.9
OnePlus ONEPLUS A5010,Adreno (TM) 540,Vulkan,Android OS 10 / API-29 (QKQ1.191014.012/2010292059),5711,MEDIUM,0.85,60,100,127,1835,61.1,16.36,16.35,16.50,32.70,381,3782,168,35.9,36.1
OnePlus ONEPLUS A5010,Adreno (TM) 540,Vulkan,Android OS 10 / API-29 (QKQ1.191014.012/2010292059),5711,MEDIUM,0.85,60,150,176,1832,61.0,16.38,16.35,16.50,32.70,381,3782,168,36.1,36.3
OnePlus ONEPLUS A5010,Adreno (TM) 540,Vulkan,Android OS 10 / API-29 (QKQ1.191014.012/2010292059),5711,MEDIUM,0.85,60,200,226,1836,61.2,16.35,16.35,16.39,16.51,381,3782,168,36.3,36.5
OnePlus ONEPLUS A5010,Adreno (TM) 540,Vulkan,Android OS 10 / API-29 (QKQ1.191014.012/2010292059),5711,MEDIUM,0.85,60,250,277,1834,61.1,16.37,16.35,16.42,32.70,381,3782,168,36.5,36.8
OnePlus ONEPLUS A5010,Adreno (TM) 540,Vulkan,Android OS 10 / API-29 (QKQ1.191014.012/2010292059),5711,MEDIUM,0.85,60,300,277,1836,61.2,16.35,16.35,16.63,17.45,381,3782,168,36.8,37.0
